#============= ===========   GLOBAL         GLOBAL         GLOBAL         GLOBAL         GLOBAL         GLOBAL         GLOBAL         GLOBAL         GLOBAL         
#     TIME        DATE       FGIP           FPR            FGPR           FGIR           WGPR           WGPR           WBHP           WBHP           WWPR           
#     MODEL       MODEL      FIELD          FIELD          FIELD          FIELD          S1             S2             S1             S2             S1           
#     [day]        [-]       [sm3]          [Bara]         sm3/day        sm3/day        sm3/day        sm3/day        [Bara]         [Bara]         sm3/day       
#============= =========== ============== ============== ============== ============== ============== ============== ============== ============== ==============
      0.000000  01.01.2010  1.3423723E+07   39.99667       0.000000       0.000000       0.000000       0.000000       39.98520       0.000000       0.000000    
      0.100000  01.01.2010  1.3347931E+07   39.73394       758564.5       0.000000       758564.5       0.000000       3.000000       0.000000       3923.194    
      0.239991  01.01.2010  1.3284810E+07   39.51955       451718.3       0.000000       451718.3       0.000000       3.000000       0.000000       1923.253    
      0.463212  01.01.2010  1.3226557E+07   39.32577       262426.7       0.000000       262426.7       0.000000       3.000000       0.000000       960.0569    
      0.731606  01.01.2010  1.3179633E+07   39.17485       176067.2       0.000000       176067.2       0.000000       3.000000       0.000000       543.3438    
      1.000000  02.01.2010  1.3142945E+07   39.05974       136701.0       0.000000       136701.0       0.000000       3.000000       0.000000       377.8824    
      1.500000  02.01.2010  1.3090791E+07   38.89908       104314.4       0.000000       104314.4       0.000000       3.000000       0.000000       268.1248    
      2.000000  03.01.2010  1.3048100E+07   38.76859       84905.42       0.000000       84905.42       0.000000       3.000000       0.000000       215.0122    
      3.000000  04.01.2010  1.2982428E+07   38.56809       65616.95       0.000000       65616.95       0.000000       3.000000       0.000000       170.8753    
      4.000000  05.01.2010  1.2924966E+07   38.39241       57383.73       0.000000       57383.73       0.000000       3.000000       0.000000       153.8715    
      5.000000  06.01.2010  1.2870453E+07   38.22555       54392.30       0.000000       54392.30       0.000000       3.000000       0.000000       149.7263    
      6.000000  07.01.2010  1.2819921E+07   38.07029       50470.82       0.000000       50470.82       0.000000       3.000000       0.000000       144.7684    
      7.000000  08.01.2010  1.2772065E+07   37.92243       47860.25       0.000000       47860.25       0.000000       3.000000       0.000000       144.8720    
      8.000000  09.01.2010  1.2724263E+07   37.77332       47805.85       0.000000       47805.85       0.000000       3.000000       0.000000       155.7942    
      9.000000  10.01.2010  1.2675531E+07   37.62030       48728.52       0.000000       48728.52       0.000000       3.000000       0.000000       165.2731    
     10.000000  11.01.2010  1.2626832E+07   37.46649       48694.16       0.000000       48694.16       0.000000       3.000000       0.000000       170.7541    
     11.000000  12.01.2010  1.2578471E+07   37.31407       48348.44       0.000000       48348.44       0.000000       3.000000       0.000000       165.2288    
     12.000000  13.01.2010  1.2530820E+07   37.16463       47602.86       0.000000       47602.86       0.000000       3.000000       0.000000       157.2524    
     13.000000  14.01.2010  1.2484167E+07   37.01899       46624.39       0.000000       46624.39       0.000000       3.000000       0.000000       149.5685    
     14.000000  15.01.2010  1.2438694E+07   36.87718       45449.90       0.000000       45449.90       0.000000       3.000000       0.000000       145.4279    
     15.000000  16.01.2010  1.2393245E+07   36.73575       45432.66       0.000000       45432.66       0.000000       3.000000       0.000000       143.1341    
     16.000000  17.01.2010  1.2348608E+07   36.59787       44392.13       0.000000       44392.13       0.000000       3.000000       0.000000       138.9115    
     17.000000  18.01.2010  1.2305361E+07   36.46362       43233.23       0.000000       43233.23       0.000000       3.000000       0.000000       134.8292    
     18.000000  19.01.2010  1.2263251E+07   36.33303       42106.83       0.000000       42106.83       0.000000       3.000000       0.000000       131.1378    
     19.000000  20.01.2010  1.2222262E+07   36.20593       40977.52       0.000000       40977.52       0.000000       3.000000       0.000000       127.6999    
     20.000000  21.01.2010  1.2182307E+07   36.08214       39950.93       0.000000       39950.93       0.000000       3.000000       0.000000       124.9937    
     21.000000  22.01.2010  1.2143275E+07   35.96122       39031.96       0.000000       39031.96       0.000000       3.000000       0.000000       122.8865    
     22.000000  23.01.2010  1.2105010E+07   35.84273       38243.83       0.000000       38243.83       0.000000       3.000000       0.000000       121.3179    
     23.000000  24.01.2010  1.2067449E+07   35.72636       37547.47       0.000000       37547.47       0.000000       3.000000       0.000000       120.0492    
     24.000000  25.01.2010  1.2030514E+07   35.61181       36933.91       0.000000       36933.91       0.000000       3.000000       0.000000       119.0652    
     25.000000  26.01.2010  1.1993893E+07   35.49881       36398.55       0.000000       36398.55       0.000000       3.000000       0.000000       118.2525    
     26.000000  27.01.2010  1.1957947E+07   35.38723       35923.94       0.000000       35923.94       0.000000       3.000000       0.000000       117.5176    
     27.000000  28.01.2010  1.1922447E+07   35.27701       35494.05       0.000000       35494.05       0.000000       3.000000       0.000000       116.7898    
     28.000000  29.01.2010  1.1887341E+07   35.16800       35092.32       0.000000       35092.32       0.000000       3.000000       0.000000       116.0373    
     29.000000  30.01.2010  1.1852637E+07   35.06014       34707.20       0.000000       34707.20       0.000000       3.000000       0.000000       115.2468    
     30.000000  31.01.2010  1.1818299E+07   34.95341       34320.91       0.000000       34320.91       0.000000       3.000000       0.000000       114.7958    
     31.000000  01.02.2010  1.1818150E+07   34.96279       0.000000       0.000000       0.000000       0.000000       9.354605       38.46650       0.000000    
     32.000000  02.02.2010  1.1818151E+07   34.96973       0.000000       0.000000       0.000000       0.000000       13.54833       38.32560       0.000000    
     33.000000  03.02.2010  1.1818151E+07   34.97505       0.000000       0.000000       0.000000       0.000000       16.84927       38.43268       0.000000    
     34.000000  04.02.2010  1.1818210E+07   34.97904       0.000000       0.000000       0.000000       0.000000       19.44871       38.22362       0.000000    
     35.000000  05.02.2010  1.1818210E+07   34.98222       0.000000       0.000000       0.000000       0.000000       21.43503       38.33776       0.000000    
     36.000000  06.02.2010  1.1818221E+07   34.98475       0.000000       0.000000       0.000000       0.000000       23.01017       38.11814       0.000000    
     37.000000  07.02.2010  1.1818223E+07   34.98712       0.000000       0.000000       0.000000       0.000000       24.26072       38.23702       0.000000    
     38.000000  08.02.2010  1.1818249E+07   34.98905       0.000000       0.000000       0.000000       0.000000       25.26904       38.01911       0.000000    
     39.000000  09.02.2010  1.1818223E+07   34.99062       0.000000       0.000000       0.000000       0.000000       26.08468       38.14787       0.000000    
     40.000000  10.02.2010  1.1818209E+07   34.99211       0.000000       0.000000       0.000000       0.000000       26.76810       37.92666       0.000000    
     41.000000  11.02.2010  1.1818183E+07   34.99350       0.000000       0.000000       0.000000       0.000000       27.28939       38.05703       0.000000    
     42.000000  12.02.2010  1.1818206E+07   34.99483       0.000000       0.000000       0.000000       0.000000       27.73811       37.82797       0.000000    
     43.000000  13.02.2010  1.1818186E+07   34.99610       0.000000       0.000000       0.000000       0.000000       28.13275       37.96214       0.000000    
     44.000000  14.02.2010  1.1818270E+07   34.99728       0.000000       0.000000       0.000000       0.000000       28.48376       37.73090       0.000000    
     45.000000  15.02.2010  1.1818287E+07   34.99846       0.000000       0.000000       0.000000       0.000000       28.79763       37.86961       0.000000    
     46.000000  16.02.2010  1.1818307E+07   34.99950       0.000000       0.000000       0.000000       0.000000       29.07978       37.63670       0.000000    
     47.000000  17.02.2010  1.1818291E+07   35.00042       0.000000       0.000000       0.000000       0.000000       29.33237       37.78027       0.000000    
     48.000000  18.02.2010  1.1818289E+07   35.00133       0.000000       0.000000       0.000000       0.000000       29.55986       37.54588       0.000000    
     49.000000  19.02.2010  1.1818275E+07   35.00219       0.000000       0.000000       0.000000       0.000000       29.76619       37.69438       0.000000    
     50.000000  20.02.2010  1.1818314E+07   35.00303       0.000000       0.000000       0.000000       0.000000       29.95459       37.45855       0.000000    
     51.000000  21.02.2010  1.1818315E+07   35.00384       0.000000       0.000000       0.000000       0.000000       30.12768       37.61191       0.000000    
     52.000000  22.02.2010  1.1818313E+07   35.00461       0.000000       0.000000       0.000000       0.000000       30.28595       37.37463       0.000000    
     53.000000  23.02.2010  1.1818320E+07   35.00533       0.000000       0.000000       0.000000       0.000000       30.43341       37.53276       0.000000    
     54.000000  24.02.2010  1.1818323E+07   35.00599       0.000000       0.000000       0.000000       0.000000       30.57072       37.29400       0.000000    
     55.000000  25.02.2010  1.1818316E+07   35.00660       0.000000       0.000000       0.000000       0.000000       30.70004       37.45678       0.000000    
     56.000000  26.02.2010  1.1818315E+07   35.00717       0.000000       0.000000       0.000000       0.000000       30.82209       37.21650       0.000000    
     57.000000  27.02.2010  1.1818311E+07   35.00772       0.000000       0.000000       0.000000       0.000000       30.93766       37.38365       0.000000    
     58.000000  28.02.2010  1.1818310E+07   35.00824       0.000000       0.000000       0.000000       0.000000       31.04736       37.14190       0.000000    
     59.000000  01.03.2010  1.1818300E+07   35.00871       0.000000       0.000000       0.000000       0.000000       31.15184       37.31340       0.000000    
     60.000000  02.03.2010  1.1818304E+07   35.00918       0.000000       0.000000       0.000000       0.000000       31.25149       37.07012       0.000000    
