MULTIPLY
         'PORO'  0.0    1   1  57  57   2   2/
         'PORO'  0.0    1   1  58  58   2   2/
         'PORO'  0.0    1   1  59  59   2   2/
         'PORO'  0.0    1   1  60  60   2   2/
         'PORO'  0.0    1   1  61  61   2   2/
         'PORO'  0.0    1   1  62  62   2   2/
         'PORO'  0.0    1   1  63  63   2   2/
         'PORO'  0.0    1   1  64  64   2   2/
         'PORO'  0.0    1   1  65  65   2   2/
         'PORO'  0.0    1   1  66  66   2   2/
         'PORO'  0.0    1   1  67  67   2   2/
         'PORO'  0.0    1   1  68  68   2   2/
         'PORO'  0.0    1   1  69  69   2   2/
         'PORO'  0.0    1   1  70  70   2   2/
         'PORO'  0.0    1   1  71  71   2   2/
         'PORO'  0.0    1   1  72  72   2   2/
         'PORO'  0.0    1   1  73  73   2   2/
         'PORO'  0.0    1   1  74  74   2   2/
         'PORO'  0.0    2   2  74  74   2   2/
         'PORO'  0.0    1   1  75  75   2   2/
         'PORO'  0.0    2   2  75  75   2   2/
         'PORO'  0.0    1   1  76  76   2   2/
         'PORO'  0.0    2   2  76  76   2   2/
         'PORO'  0.0    1   1  77  77   2   2/
         'PORO'  0.0    2   2  77  77   2   2/
         'PORO'  0.0    1   1  78  78   2   2/
         'PORO'  0.0    2   2  78  78   2   2/
         'PORO'  0.0    1   1  79  79   2   2/
         'PORO'  0.0    2   2  79  79   2   2/
         'PORO'  0.0    1   1  80  80   2   2/
         'PORO'  0.0    2   2  80  80   2   2/
         'PORO'  0.0    1   1  81  81   2   2/
         'PORO'  0.0    2   2  81  81   2   2/
         'PORO'  0.0    1   1  82  82   2   2/
         'PORO'  0.0    2   2  82  82   2   2/
         'PORO'  0.0    1   1  83  83   2   2/
         'PORO'  0.0    2   2  83  83   2   2/
         'PORO'  0.0    1   1  84  84   2   2/
         'PORO'  0.0    2   2  84  84   2   2/
         'PORO'  0.0    1   1  85  85   2   2/
         'PORO'  0.0    2   2  85  85   2   2/
         'PORO'  0.0    1   1  86  86   2   2/
         'PORO'  0.0    2   2  86  86   2   2/
         'PORO'  0.0    1   1  87  87   2   2/
         'PORO'  0.0    2   2  87  87   2   2/
         'PORO'  0.0    1   1  88  88   2   2/
         'PORO'  0.0    2   2  88  88   2   2/
         'PORO'  0.0    1   1  89  89   2   2/
         'PORO'  0.0    2   2  89  89   2   2/
         'PORO'  0.0    1   1  90  90   2   2/
         'PORO'  0.0    2   2  90  90   2   2/
         'PORO'  0.0    1   1  91  91   2   2/
         'PORO'  0.0    2   2  91  91   2   2/
         'PORO'  0.0    1   1  92  92   2   2/
         'PORO'  0.0    2   2  92  92   2   2/
         'PORO'  0.0    1   1  93  93   2   2/
         'PORO'  0.0    2   2  93  93   2   2/
         'PORO'  0.0    1   1  94  94   2   2/
         'PORO'  0.0    1   1  95  95   2   2/
         'PORO'  0.0    1   1  96  96   2   2/
         'PORO'  0.0    1   1  97  97   2   2/
         'PORO'  0.0    7   7  53  53   4   4/
         'PORO'  0.0   12  12  83  83   4   4/
         'PORO'  0.0   13  13  83  83   4   4/
         'PORO'  0.0   12  12  84  84   4   4/
         'PORO'  0.0   13  13  84  84   4   4/
         'PORO'  0.0   14  14  84  84   4   4/
         'PORO'  0.0   13  13  85  85   4   4/
         'PORO'  0.0    7   7  93  93   4   4/
         'PORO'  0.0    8   8  93  93   4   4/
         'PORO'  0.0    9   9  93  93   4   4/
         'PORO'  0.0   10  10  93  93   4   4/
         'PORO'  0.0    6   6  94  94   4   4/
         'PORO'  0.0    7   7  94  94   4   4/
         'PORO'  0.0    8   8  94  94   4   4/
         'PORO'  0.0    9   9  94  94   4   4/
         'PORO'  0.0   10  10  94  94   4   4/
         'PORO'  0.0   11  11  94  94   4   4/
         'PORO'  0.0    8   8  95  95   4   4/
/
