-- Vlastnosti hornin/fluid pro model s oddelenymi 8. sarmaty
--

--FILLEPS

ROCK
           150       4E-005 /

SWFN
----  Sw       krw         Pcap w-g (bar)
      0.00     0.0000     149998.263846  
      0.05     0.0000       6600.124607  
      0.10     0.0000        117.404849  
      0.15     0.0000          6.477032  
      0.20     0.0600          4.165617  
      0.25     0.1227          3.105439  
      0.30     0.1853          2.487599  
      0.35     0.2480          2.118225  
      0.40     0.3107          1.892732  
      0.45     0.3733          1.749257  
      0.50     0.4360          1.646550  
      0.55     0.4987          1.553528  
      0.60     0.5613          1.447200  
      0.65     0.6240          1.324296  
      0.70     0.6867          1.190099  
      0.75     0.7493          1.049978  
      0.80     0.8120          0.909096  
      0.85     0.8747          0.772049  
      0.90     0.9373          0.642685  
      0.95     1.0000          0.385146  
      1.00     1.0000          0.000000  
/


-- 149998.263846          449994.7915384
--   6600.124607           19800.3738218
--    117.404849             352.2145476
--      6.477032              19.4310968
--      4.165617              12.4968518
--      3.105439               9.3163176
--      2.487599               7.4627976
--      2.118225               6.3546750
--      1.892732               5.6781968
--      1.749257               5.2477718
--      1.646550               4.9396500
--      1.553528               4.6605842
--      1.447200               4.3416000
--      1.324296               3.9728884
--      1.190099               3.5702976
--      1.049978               3.1499342
--      0.909096               2.7272884
--      0.772049               2.3161476
--      0.642685               1.9280550
--      0.385146               1.1554384
--      0.000000               0.0000000



SGFN
--  Sg            krg         Pcap (dummy)
    0.00          0.0         0
    0.05          0.0         0
    0.10          0.0228      0
    0.15          0.0553      0
    0.20          0.101       0
    0.25          0.156       0
    0.30          0.215       0
    0.35          0.276       0
    0.40          0.342       0
    0.45          0.418       0
    0.50          0.511       0
    0.55          0.628       0
    0.60          0.780       0
    0.65          0.929       0
    0.655         0.942       0
    0.66          0.954       0
    0.665         0.965       0
    0.67          0.975       0
    0.675         0.984       0
    0.68          0.993       0
    0.685         1.0         0
    1.0           1.0         0
/


PVTW
--
           150       1.0069     4.6E-005        0.463            0 /

PVDG
--
             5      0.23343     0.012792
            10      0.11606     0.012836
            15      0.07694     0.012888
            20     0.057386     0.012949
            25     0.045658     0.013015
            30     0.037843     0.013088
            35     0.032265     0.013166
            40     0.028085      0.01325
            45     0.024837     0.013339
            50     0.022242     0.013433
            55     0.020121     0.013531
            60     0.018357     0.013635
            65     0.016867     0.013743
            70     0.015592     0.013856
            75      0.01449     0.013974
            80     0.013529     0.014097
            85     0.012683     0.014224
            90     0.011933     0.014355
            95     0.011265     0.014491
           100     0.010666     0.014631
           105     0.010126     0.014775
           110    0.0096374     0.014924
           115    0.0091936     0.015077
           120     0.008789     0.015234
           125    0.0084189     0.015394
           130    0.0080793     0.015558
           135    0.0077669     0.015726
           140    0.0074788     0.015897
           145    0.0072124     0.016072
           150    0.0069657      0.01625
           155    0.0067366      0.01643
           160    0.0065236     0.016613
           165    0.0063252     0.016799
           170      0.00614     0.016987
           175     0.005967     0.017178
           180    0.0058051      0.01737
           185    0.0056533     0.017565
           190    0.0055108     0.017761
           195     0.005377     0.017958
           200    0.0052511     0.018157
/


DENSITY
-- 9. Baden
  835        1012      0.69223 /
