COORD
0	0	100	0	0	1000
0	50	100	0	50	1000
0	100	100	0	100	1000
0	150	100	0	150	1000
0	200	100	0	200	1000
0	250	100	0	250	1000
0	300	100	0	300	1000
0	350	100	0	350	1000
0	400	100	0	400	1000
0	450	100	0	450	1000
50	0	100	50	0	1000
50	50	100	50	50	1000
50	100	100	50	100	1000
50	150	100	50	150	1000
50	200	100	50	200	1000
50	250	100	50	250	1000
50	300	100	50	300	1000
50	350	100	50	350	1000
50	400	100	50	400	1000
50	450	100	50	450	1000
100	0	100	100	0	1000
100	50	100	100	50	1000
100	100	100	100	100	1000
100	150	100	100	150	1000
100	200	100	100	200	1000
100	250	100	100	250	1000
100	300	100	100	300	1000
100	350	100	100	350	1000
100	400	100	100	400	1000
100	450	100	100	450	1000
150	0	100	150	0	1000
150	50	100	150	50	1000
150	100	100	150	100	1000
150	150	100	150	150	1000
150	200	100	150	200	1000
150	250	100	150	250	1000
150	300	100	150	300	1000
150	350	100	150	350	1000
150	400	100	150	400	1000
150	450	100	150	450	1000
200	0	100	200	0	1000
200	50	100	200	50	1000
200	100	100	200	100	1000
200	150	100	200	150	1000
200	200	100	200	200	1000
200	250	100	200	250	1000
200	300	100	200	300	1000
200	350	100	200	350	1000
200	400	100	200	400	1000
200	450	100	200	450	1000
250	0	100	250	0	1000
250	50	100	250	50	1000
250	100	100	250	100	1000
250	150	100	250	150	1000
250	200	100	250	200	1000
250	250	100	250	250	1000
250	300	100	250	300	1000
250	350	100	250	350	1000
250	400	100	250	400	1000
250	450	100	250	450	1000
300	0	100	300	0	1000
300	50	100	300	50	1000
300	100	100	300	100	1000
300	150	100	300	150	1000
300	200	100	300	200	1000
300	250	100	300	250	1000
300	300	100	300	300	1000
300	350	100	300	350	1000
300	400	100	300	400	1000
300	450	100	300	450	1000
350	0	100	350	0	1000
350	50	100	350	50	1000
350	100	100	350	100	1000
350	150	100	350	150	1000
350	200	100	350	200	1000
350	250	100	350	250	1000
350	300	100	350	300	1000
350	350	100	350	350	1000
350	400	100	350	400	1000
350	450	100	350	450	1000
400	0	100	400	0	1000
400	50	100	400	50	1000
400	100	100	400	100	1000
400	150	100	400	150	1000
400	200	100	400	200	1000
400	250	100	400	250	1000
400	300	100	400	300	1000
400	350	100	400	350	1000
400	400	100	400	400	1000
400	450	100	400	450	1000
450	0	100	450	0	1000
450	50	100	450	50	1000
450	100	100	450	100	1000
450	150	100	450	150	1000
450	200	100	450	200	1000
450	250	100	450	250	1000
450	300	100	450	300	1000
450	350	100	450	350	1000
450	400	100	450	400	1000
450	450	100	450	450	1000
/
