ZCORN
   500	   500	   500	   500	   500	   500	   500	   500	   500	   500	   500	   500	   500	   500	   500	   500	   500	   500	
   500	   500	   500	   500	   500	   500	   500	   500	   500	   500	   500	   500	   500	   500	   500	   500	   500	   500	
   500	   500	   500	   500	   500	   500	   500	   500	   500	   500	   500	   500	   500	   500	   500	   500	   500	   500	
   500	   500	   500	   500	   500	   500	   500	   500	   500	   500	   500	   500	   500	   500	   500	   500	   500	   500	
   500	   500	   500	   500	   500	   500	   500	   500	   500	   500	   500	   500	   500	   500	   500	   500	   500	   500	
   500	   500	   500	   500	   500	   500	   500	   500	   500	   500	   500	   500	   500	   500	   500	   500	   500	   500	
   500	   500	   500	   500	   500	   500	   500	   500	   500	   500	   500	   500	   500	   500	   500	   500	   500	   500	
   500	   500	   500	   500	   500	   500	   500	   500	   500	   500	   500	   500	   500	   500	   500	   500	   500	   500	
   500	   500	   500	   500	   500	   500	   500	   500	   500	   500	   500	   500	   500	   500	   500	   500	   500	   500	
   500	   500	   500	   500	   500	   500	   500	   500	   500	   500	   500	   500	   500	   500	   500	   500	   500	   500	
   500	   500	   500	   500	   500	   500	   500	   500	   500	   500	   500	   500	   500	   500	   500	   500	   500	   500	
   500	   500	   500	   500	   500	   500	   500	   500	   500	   500	   500	   500	   500	   500	   500	   500	   500	   500	
   500	   500	   500	   500	   500	   500	   500	   500	   500	   500	   500	   500	   500	   500	   500	   500	   500	   500	
   500	   500	   500	   500	   500	   500	   500	   500	   500	   500	   500	   500	   500	   500	   500	   500	   500	   500	
   500	   500	   500	   500	   500	   500	   500	   500	   500	   500	   500	   500	   500	   500	   500	   500	   500	   500	
   500	   500	   500	   500	   500	   500	   500	   500	   500	   500	   500	   500	   500	   500	   500	   500	   500	   500	
   500	   500	   500	   500	   500	   500	   500	   500	   500	   500	   500	   500	   500	   500	   500	   500	   500	   500	
   500	   500	   500	   500	   500	   500	   500	   500	   500	   500	   500	   500	   500	   500	   500	   500	   500	   500	
   510	   510	   510	   510	   510	   510	   510	   510	   510	   510	   510	   510	   510	   510	   510	   510	   510	   510	
   510	   510	   510	   510	   510	   510	   510	   510	   510	   510	   510	   510	   510	   510	   510	   510	   510	   510	
   510	   510	   510	   510	   510	   510	   510	   510	   510	   510	   510	   510	   510	   510	   510	   510	   510	   510	
   510	   510	   510	   510	   510	   510	   510	   510	   510	   510	   510	   510	   510	   510	   510	   510	   510	   510	
   510	   510	   510	   510	   510	   510	   510	   510	   510	   510	   510	   510	   510	   510	   510	   510	   510	   510	
   510	   510	   510	   510	   510	   510	   510	   510	   510	   510	   510	   510	   510	   510	   510	   510	   510	   510	
   510	   510	   510	   510	   510	   510	   510	   510	   510	   510	   510	   510	   510	   510	   510	   510	   510	   510	
   510	   510	   510	   510	   510	   510	   510	   510	   510	   510	   510	   510	   510	   510	   510	   510	   510	   510	
   510	   510	   510	   510	   510	   510	   510	   510	   510	   510	   510	   510	   510	   510	   510	   510	   510	   510	
   510	   510	   510	   510	   510	   510	   510	   510	   510	   510	   510	   510	   510	   510	   510	   510	   510	   510	
   510	   510	   510	   510	   510	   510	   510	   510	   510	   510	   510	   510	   510	   510	   510	   510	   510	   510	
   510	   510	   510	   510	   510	   510	   510	   510	   510	   510	   510	   510	   510	   510	   510	   510	   510	   510	
   510	   510	   510	   510	   510	   510	   510	   510	   510	   510	   510	   510	   510	   510	   510	   510	   510	   510	
   510	   510	   510	   510	   510	   510	   510	   510	   510	   510	   510	   510	   510	   510	   510	   510	   510	   510	
   510	   510	   510	   510	   510	   510	   510	   510	   510	   510	   510	   510	   510	   510	   510	   510	   510	   510	
   510	   510	   510	   510	   510	   510	   510	   510	   510	   510	   510	   510	   510	   510	   510	   510	   510	   510	
   510	   510	   510	   510	   510	   510	   510	   510	   510	   510	   510	   510	   510	   510	   510	   510	   510	   510	
   510	   510	   510	   510	   510	   510	   510	   510	   510	   510	   510	   510	   510	   510	   510	   510	   510	   510	
   510	   510	   510	   510	   510	   510	   510	   510	   510	   510	   510	   510	   510	   510	   510	   510	   510	   510	
   510	   510	   510	   510	   510	   510	   510	   510	   510	   510	   510	   510	   510	   510	   510	   510	   510	   510	
   510	   510	   510	   510	   510	   510	   510	   510	   510	   510	   510	   510	   510	   510	   510	   510	   510	   510	
   510	   510	   510	   510	   510	   510	   510	   510	   510	   510	   510	   510	   510	   510	   510	   510	   510	   510	
   510	   510	   510	   510	   510	   510	   510	   510	   510	   510	   510	   510	   510	   510	   510	   510	   510	   510	
   510	   510	   510	   510	   510	   510	   510	   510	   510	   510	   510	   510	   510	   510	   510	   510	   510	   510	
   510	   510	   510	   510	   510	   510	   510	   510	   510	   510	   510	   510	   510	   510	   510	   510	   510	   510	
   510	   510	   510	   510	   510	   510	   510	   510	   510	   510	   510	   510	   510	   510	   510	   510	   510	   510	
   510	   510	   510	   510	   510	   510	   510	   510	   510	   510	   510	   510	   510	   510	   510	   510	   510	   510	
   510	   510	   510	   510	   510	   510	   510	   510	   510	   510	   510	   510	   510	   510	   510	   510	   510	   510	
   510	   510	   510	   510	   510	   510	   510	   510	   510	   510	   510	   510	   510	   510	   510	   510	   510	   510	
   510	   510	   510	   510	   510	   510	   510	   510	   510	   510	   510	   510	   510	   510	   510	   510	   510	   510	
   510	   510	   510	   510	   510	   510	   510	   510	   510	   510	   510	   510	   510	   510	   510	   510	   510	   510	
   510	   510	   510	   510	   510	   510	   510	   510	   510	   510	   510	   510	   510	   510	   510	   510	   510	   510	
   510	   510	   510	   510	   510	   510	   510	   510	   510	   510	   510	   510	   510	   510	   510	   510	   510	   510	
   510	   510	   510	   510	   510	   510	   510	   510	   510	   510	   510	   510	   510	   510	   510	   510	   510	   510	
   510	   510	   510	   510	   510	   510	   510	   510	   510	   510	   510	   510	   510	   510	   510	   510	   510	   510	
   510	   510	   510	   510	   510	   510	   510	   510	   510	   510	   510	   510	   510	   510	   510	   510	   510	   510	
   520	   520	   520	   520	   520	   520	   520	   520	   520	   520	   520	   520	   520	   520	   520	   520	   520	   520	
   520	   520	   520	   520	   520	   520	   520	   520	   520	   520	   520	   520	   520	   520	   520	   520	   520	   520	
   520	   520	   520	   520	   520	   520	   520	   520	   520	   520	   520	   520	   520	   520	   520	   520	   520	   520	
   520	   520	   520	   520	   520	   520	   520	   520	   520	   520	   520	   520	   520	   520	   520	   520	   520	   520	
   520	   520	   520	   520	   520	   520	   520	   520	   520	   520	   520	   520	   520	   520	   520	   520	   520	   520	
   520	   520	   520	   520	   520	   520	   520	   520	   520	   520	   520	   520	   520	   520	   520	   520	   520	   520	
   520	   520	   520	   520	   520	   520	   520	   520	   520	   520	   520	   520	   520	   520	   520	   520	   520	   520	
   520	   520	   520	   520	   520	   520	   520	   520	   520	   520	   520	   520	   520	   520	   520	   520	   520	   520	
   520	   520	   520	   520	   520	   520	   520	   520	   520	   520	   520	   520	   520	   520	   520	   520	   520	   520	
   520	   520	   520	   520	   520	   520	   520	   520	   520	   520	   520	   520	   520	   520	   520	   520	   520	   520	
   520	   520	   520	   520	   520	   520	   520	   520	   520	   520	   520	   520	   520	   520	   520	   520	   520	   520	
   520	   520	   520	   520	   520	   520	   520	   520	   520	   520	   520	   520	   520	   520	   520	   520	   520	   520	
   520	   520	   520	   520	   520	   520	   520	   520	   520	   520	   520	   520	   520	   520	   520	   520	   520	   520	
   520	   520	   520	   520	   520	   520	   520	   520	   520	   520	   520	   520	   520	   520	   520	   520	   520	   520	
   520	   520	   520	   520	   520	   520	   520	   520	   520	   520	   520	   520	   520	   520	   520	   520	   520	   520	
   520	   520	   520	   520	   520	   520	   520	   520	   520	   520	   520	   520	   520	   520	   520	   520	   520	   520	
   520	   520	   520	   520	   520	   520	   520	   520	   520	   520	   520	   520	   520	   520	   520	   520	   520	   520	
   520	   520	   520	   520	   520	   520	   520	   520	   520	   520	   520	   520	   520	   520	   520	   520	   520	   520	
/
