PERMX        1
           932
PORO         1
          3026
PRESSURE    60
          6325
         10603
         14881
         19159
         23437
         27715
         31993
         36271
         40549
         44827
         49105
         53383
         57661
         61939
         66217
         70495
         74773
         79051
         83329
         87607
         91885
         96163
        100441
        104719
        108997
        113275
        117553
        121831
        126109
        130387
        134711
        138989
        143267
        147545
        151823
        156101
        160379
        164657
        168935
        173213
        177491
        181769
        186047
        190325
        194603
        198881
        203159
        207437
        211715
        215993
        220271
        224549
        228827
        233105
        237383
        241661
        245939
        250217
        254495
        258773
SGAS        60
          8419
         12697
         16975
         21253
         25531
         29809
         34087
         38365
         42643
         46921
         51199
         55477
         59755
         64033
         68311
         72589
         76867
         81145
         85423
         89701
         93979
         98257
        102535
        106813
        111091
        115369
        119647
        123925
        128203
        132481
        136805
        141083
        145361
        149639
        153917
        158195
        162473
        166751
        171029
        175307
        179585
        183863
        188141
        192419
        196697
        200975
        205253
        209531
        213809
        218087
        222365
        226643
        230921
        235199
        239477
        243755
        248033
        252311
        256589
        260867
